100 20
373395.285069
115059.149449
56021.084031
54486.843623
36743.021977
27887.857716
17959.499325
17082.098232
16126.116457
14557.860282
13971.510441
11911.722629
10031.200128
8431.235734
8263.882381
6550.883299
5626.836589
4484.176848
4032.135290
3721.162990
0.000474 0.000135 -0.000090 -0.000329 0.000282 -0.000400 0.000402 0.000048 0.000184 0.000420 -0.000042 0.000406 0.000627 0.000014 0.000503 -0.000665 -0.002057 -0.000253 0.001364 0.000506 
0.018380 -0.002654 -0.000972 0.012795 -0.010202 0.034176 -0.010987 -0.006257 -0.016883 -0.031077 0.004626 0.070870 0.023723 -0.013413 0.005040 -0.018717 -0.013551 -0.137869 -0.052320 -0.111197 
0.001781 0.000697 -0.000067 0.000801 0.000679 0.001429 0.001277 0.001837 0.001176 -0.002834 0.001394 0.000778 -0.001823 0.001252 0.006096 -0.004419 -0.004382 -0.000850 -0.000445 -0.000016 
0.014069 0.006711 0.012785 -0.002960 0.003790 -0.016282 0.018847 0.004819 0.008765 0.019943 -0.000321 0.014171 -0.057339 -0.005030 0.029883 -0.022116 -0.081997 -0.114314 0.971230 -0.161363 
0.000142 0.000061 -0.000023 0.000103 -0.000019 -0.000090 0.000254 0.000087 -0.000051 -0.000062 -0.000001 0.000974 -0.000042 -0.000200 -0.000437 0.000332 -0.000493 -0.000027 -0.000052 0.000094 
0.100171 -0.008270 0.063530 0.046858 -0.000978 0.590208 -0.046919 0.165683 0.227874 -0.360254 0.121663 0.125068 0.416284 -0.426347 -0.062514 -0.033834 0.027426 0.155330 0.064420 0.040518 
0.001010 0.000419 -0.000614 -0.000310 0.000664 -0.000459 0.001816 0.000606 0.000617 -0.000072 -0.000076 0.004858 0.000914 -0.000052 -0.000649 -0.000305 -0.003700 0.000497 -0.000859 -0.003240 
0.000165 0.000070 0.000002 -0.000003 0.000068 -0.000194 0.000165 -0.000009 -0.000030 0.000009 -0.000006 0.000525 0.000193 -0.000149 0.000097 -0.000165 -0.000298 -0.000156 0.000109 -0.000424 
0.000605 0.000332 -0.000261 -0.000261 0.000010 -0.000558 0.001147 0.000110 0.000215 0.000441 -0.000187 0.003020 0.000171 0.000304 -0.001200 0.000224 -0.003084 -0.000983 -0.000480 -0.000215 
0.000548 0.000088 0.000357 -0.000003 0.000292 0.000192 -0.000083 0.000029 0.000296 -0.000383 0.000177 0.000146 0.000794 -0.000121 0.001089 -0.000007 0.000642 0.001429 -0.000043 0.000031 
0.005823 0.003096 -0.002004 -0.001211 0.001257 -0.006910 0.005461 -0.004334 0.001482 0.010713 -0.003714 0.020828 0.017804 0.006934 0.014850 -0.021533 -0.016283 -0.004371 0.000328 -0.007200 
0.000107 0.000027 0.000015 -0.000101 0.000041 -0.000026 -0.000060 0.000069 -0.000174 -0.000246 0.000043 -0.000115 -0.000001 0.000192 -0.000112 0.000018 -0.000454 0.000166 -0.000106 0.000029 
0.000220 0.000110 -0.000067 0.000062 0.000095 0.000116 -0.000008 0.000434 0.000002 -0.000663 0.000217 0.000107 -0.000158 0.000257 0.001343 -0.000560 -0.000243 0.000565 -0.000418 -0.000338 
0.004785 0.002260 -0.000320 -0.005226 0.002894 -0.004098 0.004190 -0.007650 0.005116 0.012625 -0.003366 0.009841 0.010956 0.000188 -0.009552 -0.001158 0.015717 -0.020428 0.004703 -0.020448 
0.005792 0.001204 -0.002458 0.000623 0.001218 0.002521 -0.001184 0.004757 -0.002093 -0.006760 0.002303 -0.000417 0.000560 0.008447 0.019748 -0.001519 -0.014140 0.019119 0.009166 0.001288 
0.000075 0.000042 0.000023 -0.000069 -0.000011 -0.000158 -0.000036 -0.000122 -0.000054 0.000079 -0.000030 0.000081 0.000241 0.000130 0.000042 -0.000099 -0.000120 -0.000530 0.000157 0.000152 
0.121669 0.009585 -0.015888 -0.067459 0.010298 0.103494 0.013914 0.753847 -0.532096 0.292364 -0.136844 -0.011775 0.076073 -0.031028 -0.079171 0.003221 0.019364 0.006358 0.004058 -0.000786 
0.014751 0.009550 -0.004057 0.000455 -0.001730 -0.018697 0.025892 -0.011179 -0.001101 0.018263 -0.008554 0.097265 0.016618 -0.001757 -0.021493 0.021015 -0.096348 0.005661 -0.013369 -0.009230 
0.000302 0.000191 -0.000625 -0.000350 -0.000020 0.000124 -0.000182 0.000355 -0.000182 -0.000849 0.000204 0.000035 -0.000040 0.001403 0.001797 -0.001477 -0.001553 0.001157 0.000040 -0.000656 
0.000089 0.000025 0.000094 0.000055 -0.000002 -0.000019 0.000079 0.000024 -0.000020 -0.000119 0.000028 0.000747 -0.000216 0.000092 -0.000227 0.000020 0.000598 0.000051 -0.000145 0.000146 
0.002584 0.001369 -0.001349 -0.001362 -0.001274 -0.002817 0.003221 -0.003119 -0.001646 0.002957 -0.002088 0.017830 0.004218 0.002012 -0.007267 0.000063 -0.008952 -0.006446 0.001898 -0.007133 
0.003118 0.001016 -0.000895 -0.000816 0.000352 0.000324 0.000222 -0.001589 0.000365 -0.000404 -0.000496 0.005026 0.002308 0.002666 -0.001769 -0.003274 -0.004534 0.000624 0.002083 -0.000869 
0.007476 0.003178 -0.000300 0.001518 0.001210 -0.006555 0.010943 -0.004275 0.001830 0.011978 -0.004367 0.039361 0.010653 0.001673 -0.005117 -0.003024 -0.028644 0.002499 -0.004175 -0.009262 
0.000372 0.000156 -0.000148 -0.000043 0.000027 -0.000347 0.000404 -0.000544 0.000255 0.001126 -0.000348 0.001569 0.001206 -0.000159 0.000102 -0.000704 -0.000743 -0.000405 -0.000062 -0.000022 
0.002185 0.000902 -0.000594 0.000644 0.000162 -0.001451 0.001575 0.000602 -0.001736 -0.003824 0.000934 0.009273 0.000225 0.002326 0.002686 -0.002850 -0.007341 0.003160 0.001777 -0.005313 
0.010596 0.003301 -0.003069 0.003009 0.001773 0.000149 -0.002876 -0.001935 -0.004511 -0.010031 0.001712 0.028811 0.010219 -0.009128 0.011820 -0.020964 -0.017734 0.021606 0.002209 0.008968 
0.019382 0.009301 -0.018420 0.009554 0.002764 0.005763 0.017148 0.022693 -0.003522 -0.045923 0.009598 0.076954 -0.024282 0.033565 0.055011 -0.042134 -0.095834 0.091739 -0.011285 -0.043426 
0.389441 0.120648 0.825610 -0.203964 -0.000943 -0.256262 0.072079 0.074133 0.050866 -0.167394 0.022632 -0.037198 -0.022682 -0.001452 -0.011472 0.005995 -0.009065 0.008959 -0.021355 -0.004016 
0.063754 -0.016515 0.093361 -0.005537 0.012439 0.369760 0.045906 0.021800 0.235948 0.143451 -0.025152 -0.093740 0.185158 0.778235 -0.316992 0.039451 0.065763 0.079023 0.044120 0.044471 
0.000406 -0.000024 0.000122 0.000079 0.000036 0.000354 0.000116 -0.000221 0.000194 0.000558 0.000060 0.000453 0.001023 0.000642 0.000258 -0.000818 -0.001200 -0.000980 0.000377 0.000387 
0.000439 0.000200 0.000047 0.000014 0.000050 -0.000731 0.000508 -0.000093 0.000221 0.000415 -0.000084 0.001373 0.001465 0.000133 0.000607 -0.000195 -0.001414 0.000904 -0.000325 0.000843 
0.000970 -0.000908 -0.000978 0.000611 0.000180 0.000944 -0.003445 -0.000219 -0.000643 -0.001072 0.000559 -0.006791 0.004864 0.002225 0.014921 -0.012553 0.000779 -0.003261 0.000881 0.000966 
0.002475 0.000738 0.000109 0.001697 0.000080 0.003662 -0.002838 0.001903 -0.002202 -0.008034 0.002594 -0.002280 0.000180 -0.000091 0.009517 -0.001404 0.002407 -0.001258 -0.003062 0.000637 
0.058068 0.011829 0.022313 -0.001866 -0.003524 -0.004776 -0.049628 -0.042078 -0.024278 0.113955 -0.032133 -0.010515 0.257439 0.150129 0.498338 -0.775631 0.120479 0.071659 -0.010632 -0.052270 
0.000950 0.000407 0.000737 -0.000249 0.000194 -0.000891 0.001516 -0.000662 0.000033 0.003387 -0.000870 0.004696 -0.000395 0.000122 -0.001463 0.001448 -0.004561 -0.001603 0.001389 -0.002109 
0.001352 0.000448 -0.002154 0.002059 -0.000208 0.003173 -0.005817 -0.001587 0.000351 0.002208 -0.000360 -0.011825 0.011565 0.010541 0.036138 -0.034273 0.000891 0.002745 0.006012 0.000711 
0.006687 0.000831 0.006198 -0.000234 -0.000174 -0.001465 -0.006073 -0.003112 -0.005254 0.004881 0.001492 0.002479 0.017583 0.006278 0.017217 -0.003184 0.009454 0.000484 -0.002439 0.007456 
0.000263 0.000027 0.000082 0.000022 -0.000076 -0.000412 0.000392 -0.000662 -0.000146 0.001037 -0.000318 0.001662 0.000690 -0.000108 -0.000628 0.000463 -0.001138 -0.001174 -0.000124 0.000061 
0.001668 -0.000463 0.000134 -0.002306 -0.001205 0.011523 0.001491 0.000111 0.006393 0.000277 -0.000501 0.003179 0.001981 0.009120 -0.012008 0.005987 -0.006952 -0.001885 -0.002742 -0.006826 
0.001030 0.000152 -0.000454 0.000505 0.000503 0.000815 -0.000050 0.002384 -0.001248 -0.005838 0.001424 0.003267 -0.003685 0.000958 0.002402 0.001385 -0.001815 0.006502 0.000830 -0.004885 
0.002281 0.000083 0.003647 0.000667 -0.001214 0.004227 -0.002800 0.000405 -0.002966 -0.002524 0.001778 -0.001952 -0.002604 0.000657 0.010913 0.001375 0.010633 -0.003598 0.000189 0.002788 
0.000344 0.000076 0.000129 0.000103 -0.000015 0.000151 -0.000008 -0.000307 0.000249 0.000405 -0.000130 0.000724 0.001223 0.000197 0.000288 -0.000779 -0.000209 0.000028 -0.000302 -0.000011 
0.000080 -0.000023 0.000045 0.000088 0.000028 0.000253 -0.000190 -0.000164 -0.000063 -0.000057 0.000014 0.000166 0.000087 -0.000137 0.000073 -0.000107 -0.000031 0.000285 0.000006 -0.000124 
0.057722 0.023906 0.014142 0.021250 0.000453 -0.038700 0.023780 -0.040769 -0.029189 0.114604 -0.021558 0.201604 0.361908 0.139448 0.624192 0.604592 0.148190 0.073966 0.026568 -0.021853 
0.003192 0.001491 -0.000239 -0.001181 0.000877 0.000087 0.001394 0.000358 0.000897 -0.000369 0.000353 0.005176 0.007182 -0.000226 0.001083 -0.004599 -0.009306 -0.005251 -0.000847 0.001451 
0.005843 0.000878 0.000940 0.002382 0.001173 0.008200 -0.000888 0.007934 0.002136 -0.007098 0.003102 -0.003378 0.005549 0.014282 0.021504 -0.000752 -0.011463 0.010705 0.000082 0.003097 
0.000182 -0.000001 0.000015 0.000078 -0.000000 0.001098 -0.000640 0.000299 0.000150 -0.001215 0.000469 -0.001254 0.001990 -0.000444 0.001880 -0.001461 0.000331 -0.001892 0.000143 0.000841 
0.002335 0.000076 0.002362 0.002370 0.000102 0.004263 -0.004154 0.002747 -0.001025 -0.006051 0.002452 -0.001224 0.003828 0.000359 0.018626 -0.014155 0.010102 0.002694 -0.003646 -0.003444 
0.003352 0.001100 0.000721 -0.001655 0.001269 0.003357 -0.002507 -0.000190 0.000422 0.000069 0.000483 -0.002561 0.004784 -0.002125 0.010555 -0.010190 -0.003145 -0.001876 -0.001158 0.004071 
0.012250 0.002212 0.013910 0.005889 -0.000841 0.026788 -0.018462 0.006806 0.003418 -0.014052 0.005959 -0.025436 -0.005568 -0.002576 0.013099 0.008826 0.048715 0.016940 -0.030438 0.002807 
0.000157 0.000050 -0.000106 0.000135 0.000015 -0.000095 0.000192 0.000105 -0.000039 -0.000365 0.000101 0.000807 0.000044 -0.000049 0.000084 -0.000378 -0.000339 0.000498 0.000233 -0.000339 
0.002846 0.000051 -0.000233 0.001336 0.001615 0.005191 0.003275 0.003142 0.003333 -0.003683 0.001363 0.010437 0.007544 -0.000842 0.004169 -0.003188 -0.006464 -0.006120 -0.002030 -0.008342 
0.003037 0.000709 0.000819 0.000062 -0.000089 0.000204 -0.000675 -0.000966 -0.001609 0.000422 0.000468 0.006674 0.009020 0.002626 0.011731 -0.007777 -0.004596 -0.013009 -0.002816 -0.012481 
0.070391 0.036256 -0.089482 0.016992 -0.036828 -0.013795 0.080751 0.086348 -0.120329 -0.341235 0.063403 0.745145 -0.305033 0.222568 -0.054120 -0.094307 0.300911 0.048987 -0.007413 -0.071392 
0.003383 0.001410 0.000523 0.000154 0.000445 -0.004953 0.003585 -0.000236 -0.001153 0.002554 -0.001174 0.014842 0.003743 0.000998 0.002115 -0.003652 -0.005996 0.000507 -0.002172 -0.004225 
0.000094 0.000032 -0.000180 -0.000205 0.000035 0.000012 -0.000089 -0.000124 0.000014 0.000148 -0.000052 -0.000167 0.000261 -0.000115 -0.000016 -0.000236 -0.000545 0.000266 0.000039 0.000346 
0.000190 0.000067 -0.000052 0.000078 -0.000002 0.000027 0.000125 -0.000083 0.000069 -0.000115 0.000011 0.000944 0.000474 0.000071 -0.000001 -0.000275 -0.000489 -0.000214 -0.000256 -0.000525 
0.093768 0.052983 -0.051439 -0.054121 0.009379 -0.090259 0.142302 -0.054987 0.052176 0.190878 -0.069103 0.407467 0.124007 0.021204 -0.053538 -0.065684 -0.739688 0.275796 -0.002915 0.184044 
0.000208 0.000069 -0.000122 -0.000112 0.000051 0.000042 -0.000162 -0.000193 -0.000056 0.000162 -0.000068 0.000301 0.000399 0.000001 0.000541 -0.000293 -0.000731 0.000926 -0.000046 0.000603 
0.000326 0.000041 -0.000055 0.000234 -0.000056 0.000170 0.000399 0.000125 -0.000024 -0.000147 0.000077 0.001758 0.000682 -0.000201 0.000166 0.000045 -0.000675 -0.001603 0.000617 -0.000922 
0.000205 -0.000041 -0.000069 0.000086 0.000032 0.000320 -0.000189 0.000019 -0.000056 -0.000402 0.000112 0.000147 0.000323 0.000445 0.001070 -0.000818 0.000151 -0.000394 0.000213 -0.000300 
0.000853 0.000358 -0.000063 -0.000431 -0.000395 -0.000526 0.000142 -0.000818 -0.000714 0.000501 -0.000255 0.004031 0.001474 -0.001307 -0.002381 -0.000032 0.001940 -0.003840 -0.000749 0.000161 
0.000194 0.000076 0.000038 0.000102 0.000053 -0.000272 0.000418 -0.000081 0.000024 0.000240 -0.000040 0.001182 0.000341 -0.000266 0.000089 0.000355 -0.000706 -0.000143 -0.000089 -0.000230 
0.704513 0.268104 -0.267611 0.566600 0.000906 -0.111224 -0.039809 -0.033632 0.047848 0.010139 -0.001073 -0.127395 -0.021749 -0.012525 -0.058994 0.012915 0.028200 -0.002371 -0.003830 -0.003391 
0.005261 0.002065 -0.002414 0.001083 0.001855 -0.001167 0.009273 0.001094 0.002515 0.004175 -0.001361 0.025729 0.006997 0.005266 0.006011 0.005190 -0.012028 0.000956 -0.003559 -0.012867 
0.000504 0.000085 -0.000125 0.000065 0.000175 0.000475 0.000625 0.000400 0.000320 -0.000634 0.000218 0.001008 -0.000195 0.000247 0.000822 -0.000366 -0.000511 0.000619 -0.000265 -0.000678 
0.172915 0.039255 0.141268 -0.083740 0.035923 0.490298 -0.004578 -0.120961 0.186122 0.496268 -0.143629 0.122448 -0.530495 -0.196475 0.200019 0.016365 0.068154 -0.013341 -0.043850 0.004274 
0.000122 -0.000053 0.000307 0.000063 -0.000096 0.000809 -0.000091 0.000057 0.000287 -0.000044 0.000069 -0.000307 0.000518 0.000211 0.000037 -0.000054 0.000376 -0.001020 -0.000418 0.000177 
0.059817 -0.009979 0.020980 0.025966 -0.000666 0.236362 0.758970 -0.344703 -0.457929 -0.092459 0.021622 -0.149589 0.033627 -0.029148 -0.003832 -0.016419 0.022488 0.023397 0.004463 0.000183 
0.000765 0.000402 -0.000791 -0.001238 0.000248 -0.000845 0.000606 0.000185 -0.000125 -0.001038 0.000310 0.001126 0.001023 0.002806 0.000109 0.000588 -0.003253 -0.002690 -0.000216 -0.000410 
0.000982 0.000167 0.006265 -0.000819 -0.000369 -0.000826 -0.008828 0.002129 -0.004084 -0.004592 0.002709 -0.016597 -0.001505 -0.001182 0.010283 -0.002071 0.024061 0.009848 -0.007718 0.006996 
0.000705 0.000193 -0.000293 0.000557 -0.000084 0.001020 -0.000684 -0.000392 0.000349 -0.000351 0.000240 0.000146 0.002225 0.002105 0.007074 -0.005853 0.000498 0.001072 0.001774 -0.001488 
0.031560 0.015657 -0.054475 -0.083326 -0.982040 -0.018463 0.086275 0.049753 0.098251 0.047590 -0.001932 -0.035476 -0.002264 -0.021561 0.004966 0.003506 0.016838 0.009828 0.001746 -0.003194 
0.001570 0.000415 -0.000007 -0.000742 0.000596 -0.002016 0.002489 -0.000884 0.000526 0.003229 -0.001017 0.008177 0.006156 -0.000636 -0.002597 -0.001636 -0.004112 -0.008552 -0.001816 -0.002383 
0.010315 -0.000413 0.010135 0.002053 0.001542 0.049677 0.014216 0.003610 0.033472 0.016762 -0.005596 0.038413 0.015540 0.044718 -0.042559 0.017604 -0.014406 -0.014937 -0.084757 -0.711348 
0.000522 0.000135 -0.000123 0.000400 0.000295 0.000968 -0.000834 0.000509 -0.000171 -0.001680 0.000511 -0.000348 0.000598 0.001156 0.005601 -0.003371 0.000578 0.002170 -0.000048 -0.001555 
0.356311 0.194345 -0.413505 -0.777928 0.110207 -0.053842 0.002093 -0.081418 0.066052 -0.045457 0.031864 -0.081421 0.075919 -0.027867 -0.056238 0.017023 0.110675 0.002911 0.009475 -0.018111 
0.001553 0.000901 -0.001827 -0.001680 -0.000529 -0.001501 -0.000613 -0.002232 0.000434 0.002007 -0.000707 0.000949 0.007242 0.003970 0.008089 -0.010965 -0.007121 -0.002213 0.001484 -0.000829 
0.001528 -0.000444 0.001134 -0.000923 -0.000266 -0.001112 -0.006922 -0.004191 -0.006602 -0.005994 0.000864 -0.001686 0.009338 0.006399 0.007938 0.000324 -0.015877 -0.004837 -0.002619 -0.003675 
0.004016 0.002424 -0.004364 -0.002168 0.000658 -0.004764 0.003379 -0.003619 0.001704 0.005175 -0.002097 0.014272 0.016335 0.006304 0.009601 -0.019495 -0.022083 0.004522 -0.001293 -0.000128 
0.345504 -0.931748 -0.060519 -0.033883 0.007500 -0.074935 0.005393 -0.010281 0.036078 -0.000860 0.002868 0.008397 -0.014793 -0.010946 0.004440 0.005758 0.000380 0.007444 0.000471 0.000596 
0.000147 -0.000032 -0.000113 0.000172 -0.000118 0.001338 -0.000280 -0.000049 0.000507 0.000120 -0.000062 -0.000507 0.000920 0.001339 0.001928 -0.002407 0.000089 -0.000136 0.000029 -0.000589 
0.047661 0.004621 -0.090859 -0.048939 -0.017181 0.233896 -0.074929 0.220899 -0.051533 -0.456413 0.143972 -0.280019 -0.375682 0.262565 0.414334 0.057584 -0.402370 -0.034228 -0.039837 0.049735 
0.107510 -0.004217 0.115978 -0.053035 -0.139506 0.199620 -0.602853 -0.435445 -0.557235 -0.059142 -0.093211 0.042646 0.062926 0.050500 -0.112237 0.038795 -0.083497 0.075320 0.028887 -0.012401 
0.000816 0.000329 0.000492 0.000014 -0.000034 -0.001007 0.000947 -0.000583 -0.000244 0.001810 -0.000637 0.003860 0.000322 -0.000543 -0.000322 -0.000098 -0.002454 -0.002379 0.000448 0.000690 
0.007095 0.002776 -0.008672 -0.010000 -0.003832 0.003193 -0.008719 -0.003505 -0.003829 -0.002091 -0.000310 -0.016480 0.015937 0.021248 0.034805 -0.036004 -0.010088 -0.026265 0.006518 0.001310 
0.000133 0.000002 0.000134 -0.000240 -0.000449 0.001054 -0.001230 0.000289 -0.000768 -0.000253 0.000086 -0.002126 -0.000277 0.000611 0.002075 -0.001694 0.002093 -0.000307 -0.000447 0.000209 
0.000523 0.000188 0.000106 0.000617 -0.000095 0.000471 0.001005 0.000300 0.000464 -0.000148 0.000056 0.003296 -0.000505 0.000247 -0.000392 0.000498 -0.002957 0.001296 -0.000666 -0.001148 
0.001085 0.000483 -0.000114 -0.000254 0.000441 0.000700 0.000712 -0.000355 0.001521 0.001733 -0.000470 0.000884 0.001728 0.000457 0.000928 0.001466 -0.003001 0.003426 -0.000690 0.000611 
0.019823 0.003368 0.011591 0.000622 -0.012164 0.008124 -0.017691 -0.015198 -0.031411 -0.016712 0.012039 0.081190 -0.009641 0.042373 0.024607 -0.035065 0.213990 -0.248962 0.123309 0.629908 
0.003995 -0.000248 0.002401 0.001500 0.000026 0.012663 -0.004548 -0.000373 0.005461 -0.000302 0.000611 -0.003023 0.017011 0.006666 0.014485 -0.020088 0.005527 -0.000926 -0.001805 -0.006704 
0.000642 0.000173 -0.000504 -0.000244 0.000100 0.000461 -0.000602 0.001229 -0.000528 -0.003061 0.000941 -0.000160 -0.001599 0.001924 0.002879 -0.000520 0.000480 0.002299 -0.000017 -0.001357 
0.072482 0.010486 0.014048 -0.015416 -0.015972 0.104199 0.021297 -0.027524 0.012076 0.017830 -0.003318 0.180200 0.196451 0.026299 -0.001119 -0.028219 -0.232405 -0.875589 -0.134010 -0.076081 
0.002561 0.000243 0.001165 0.000885 -0.000823 0.001303 -0.000335 -0.000937 -0.002071 0.000285 0.000537 0.004915 0.001240 0.000940 0.006634 0.001707 -0.000667 -0.006209 0.001028 0.001529 
0.000134 0.000028 0.000141 -0.000007 0.000007 0.000695 -0.000137 0.000350 0.000260 -0.000592 0.000266 -0.000443 0.000053 0.000089 0.000595 0.000036 -0.000276 -0.001430 -0.000651 0.000732 
0.008344 0.003427 -0.006182 0.004607 0.001352 0.006735 0.005918 0.004774 -0.000233 -0.014831 0.002641 0.037782 0.006807 0.003506 0.026370 -0.021601 -0.024330 -0.002426 -0.007629 -0.026737 
0.002058 0.000595 0.000439 0.000482 -0.001140 0.000887 0.000413 -0.000789 -0.000921 -0.001472 0.000271 0.010241 0.000809 0.002857 0.000406 -0.002094 0.004220 -0.007621 0.001868 -0.000707 
0.018293 0.003189 0.035332 -0.000343 -0.006234 0.003082 -0.053572 -0.010122 -0.099981 0.282787 0.950243 0.035900 -0.009680 0.002266 -0.024245 -0.006818 -0.010239 0.013154 -0.005365 -0.007408 
0.000229 -0.000011 0.000405 0.000184 -0.000033 0.001322 -0.000258 -0.000118 0.000397 0.000336 0.000243 -0.000869 0.000852 0.000316 0.001830 -0.001891 0.000180 -0.001383 0.001921 0.000228 
0.000459 0.000196 -0.000168 -0.000237 0.000241 -0.000421 0.000211 -0.000469 0.000348 0.001021 -0.000274 0.000918 0.001657 0.000242 0.001580 -0.002214 -0.001316 0.000411 -0.000216 0.000045 
